15499 28 593 4 51452 25922 380 469 0 748484 9911 971 18 5 617618 22683 5483 331 16 525496 
23453 2578 227 37 918839 1168 911 90 10 39758 38930 4170 368 0 155705 5948 6289 179 0 97401 
59769 1232 129 25 24272 38760 6990 807 3 465642 46514 5353 721 8 41665 32462 2483 403 1 381347 
31079 1397 17 14 696312 6600 633 31 58 296122 2412 1185 88 32 383306 29670 3469 533 62 38378 
40266 2137 366 62 547779 68783 2180 197 10 31142 5381 1323 325 29 387471 48362 1576 108 3 463881 
19497 290 39 0 523803 63499 3978 358 28 186072 38230 6080 478 58 162452 3159 1437 321 53 33409 
38106 355 84 0 338047 38655 469 253 8 120197 22894 3450 98 2 166592 8608 507 238 6 6803 
23080 1873 653 0 252824 9230 1428 60 17 64594 1792 4064 285 62 153122 1488 2007 285 5 100219 
26751 1985 149 5 179415 27043 203 576 22 227988 26422 3951 1 1 16275 16692 1835 297 75 37055 
61850 1152 431 12 80787 2290 351 457 34 143762 11791 7 592 63 391977 17700 7926 398 19 131862 
18214 198 377 2 435710 18642 2324 716 24 258402 21947 2268 464 14 244840 10388 2179 91 19 710835 
933 222 320 28 237979 1380 3246 443 10 320004 29948 3399 261 27 17745 19292 1618 139 10 565879 
86351 7416 58 32 505280 69298 2734 167 2 430 8779 8234 271 77 688525 5312 888 117 8 276708 
71363 4607 82 15 73554 20962 7639 40 5 185050 7786 287 55 1 304314 14338 2346 539 37 284576 
28619 6995 181 11 7632 33183 312 937 3 611296 416 28 168 42 187465 59227 2480 86 29 230575

